# zmin zmax bin_1_north bin_2_north bin_3_north bin_4_north bin_5_north bin_1_south bin_2_south bin_3_south bin_4_south bin_5_south
0.0 0.02 0.0 0.0 0.0 0.0 0.0 0.0 0.0 0.0 0.0 0.0
0.02 0.04 0.0 0.0 0.0 0.0 0.0 0.1 0.0 0.0 0.0 0.0
0.04 0.06 0.0 0.0 0.0 0.0 0.0 0.0 0.0 0.0 0.0 0.1
0.06 0.08 0.0 0.1 0.0 0.0 0.1 0.1 0.1 0.1 0.0 0.1
0.08 0.1 0.0 0.1 0.1 0.0 0.0 0.1 0.1 0.0 0.0 0.0
0.1 0.12 0.1 0.1 0.0 0.0 0.1 0.0 0.1 0.1 0.0 0.1
0.12 0.14 0.1 0.0 0.0 0.1 0.0 0.0 0.1 0.1 0.1 0.1
0.14 0.16 0.1 0.1 0.0 0.1 0.1 0.1 0.0 0.0 0.0 0.0
0.16 0.18 0.1 0.0 0.1 0.0 0.0 0.1 0.0 0.1 0.0 0.0
0.18 0.2 0.3 0.1 0.0 0.0 0.0 0.3 0.0 0.0 0.0 0.0
0.2 0.22 0.5 0.1 0.0 0.0 0.1 0.8 0.1 0.0 0.0 0.1
0.22 0.24 0.8 0.1 0.0 0.0 0.0 1.0 0.1 0.0 0.0 0.1
0.24 0.26 1.1 0.1 0.0 0.0 0.0 1.2 0.1 0.1 0.0 0.0
0.26 0.28 2.0 0.1 0.0 0.0 0.0 1.5 0.2 0.1 0.0 0.0
0.28 0.3 2.4 0.2 0.1 0.0 0.0 2.0 0.2 0.0 0.0 0.0
0.3 0.32 2.4 0.2 0.0 0.0 0.0 2.9 0.3 0.0 0.0 0.0
0.32 0.34 3.6 0.3 0.0 0.0 0.0 4.9 0.4 0.1 0.0 0.0
0.34 0.36 6.6 0.3 0.1 0.0 0.0 6.7 0.8 0.0 0.0 0.1
0.36 0.38 8.5 0.7 0.0 0.0 0.0 7.5 0.6 0.1 0.0 0.0
0.38 0.4 9.3 0.7 0.1 0.1 0.0 9.7 0.8 0.1 0.0 0.0
0.4 0.42 9.0 0.8 0.1 0.0 0.0 9.3 1.1 0.0 0.0 0.0
0.42 0.44 9.4 1.1 0.1 0.0 0.0 9.2 1.3 0.2 0.0 0.0
0.44 0.46 9.6 1.3 0.3 0.0 0.0 10.7 1.6 0.1 0.0 0.1
0.46 0.48 8.5 1.6 0.2 0.0 0.0 8.7 2.0 0.1 0.0 0.0
0.48 0.5 10.4 2.0 0.3 0.1 0.0 8.7 2.5 0.3 0.1 0.0
0.5 0.52 8.3 2.8 0.4 0.1 0.1 10.5 3.0 0.5 0.1 0.1
0.52 0.54 9.5 4.0 0.5 0.1 0.1 9.4 4.6 0.6 0.1 0.1
0.54 0.56 8.2 7.4 0.8 0.1 0.0 7.7 7.0 0.8 0.1 0.1
0.56 0.58 5.1 9.4 1.2 0.1 0.1 5.1 9.2 1.4 0.1 0.0
0.58 0.6 3.3 12.1 1.7 0.2 0.2 3.4 12.3 1.4 0.3 0.1
0.6 0.62 2.2 13.4 2.0 0.2 0.1 1.7 11.5 2.2 0.3 0.0
0.62 0.64 1.5 13.4 3.0 0.4 0.1 1.1 12.5 3.1 0.4 0.1
0.64 0.66 1.0 11.3 4.8 0.5 0.1 0.7 11.4 5.9 0.5 0.3
0.66 0.68 0.9 9.9 6.9 0.8 0.2 0.7 10.3 7.8 0.8 0.3
0.68 0.7 0.6 7.2 9.2 0.8 0.3 0.6 7.7 11.2 1.4 0.4
0.7 0.72 0.6 5.7 10.7 1.9 0.5 0.4 4.9 11.6 1.8 0.3
0.72 0.74 0.3 4.4 12.2 2.7 0.8 0.4 3.8 12.8 2.7 0.7
0.74 0.76 0.4 3.1 12.3 5.1 1.2 0.4 2.6 12.4 5.0 1.1
0.76 0.78 0.1 2.1 9.8 7.8 2.0 0.3 2.4 10.7 8.5 2.2
0.78 0.8 0.3 1.3 9.5 10.0 2.8 0.2 1.8 7.8 9.9 3.5
0.8 0.82 0.2 1.5 8.1 12.0 5.0 0.1 1.1 5.9 10.2 4.6
0.82 0.84 0.2 1.0 5.7 11.1 5.9 0.1 0.9 4.7 11.0 6.4
0.84 0.86 0.2 0.9 4.4 10.5 6.8 0.0 0.7 4.1 10.3 7.6
0.86 0.88 0.1 0.7 3.5 9.6 7.3 0.1 0.6 3.0 8.8 8.0
0.88 0.9 0.1 0.3 2.7 7.9 8.1 0.1 0.4 2.7 8.4 7.9
0.9 0.92 0.1 0.4 2.3 7.1 7.6 0.1 0.2 1.8 7.3 8.7
0.92 0.94 0.1 0.3 1.6 6.1 8.0 0.1 0.2 1.5 5.5 8.4
0.94 0.96 0.1 0.3 1.6 4.6 7.7 0.2 0.2 1.4 4.7 9.2
0.96 0.98 0.1 0.3 1.0 3.7 7.1 0.0 0.2 0.8 3.2 7.3
0.98 1.0 0.1 0.2 0.9 2.9 6.6 0.0 0.2 0.6 2.6 6.4
1.0 1.02 0.1 0.2 0.5 2.3 6.2 0.0 0.1 0.5 1.8 5.7
1.02 1.04 0.1 0.1 0.7 1.9 5.1 0.0 0.1 0.5 1.6 4.3
1.04 1.06 0.0 0.1 0.5 1.4 4.4 0.0 0.1 0.3 1.4 4.4
1.06 1.08 0.1 0.1 0.5 1.2 4.0 0.0 0.0 0.3 1.1 3.7
1.08 1.1 0.1 0.1 0.3 0.8 3.4 0.0 0.2 0.2 0.7 3.5
1.1 1.12 0.0 0.0 0.2 0.9 2.5 0.1 0.1 0.2 0.7 2.5
1.12 1.14 0.0 0.0 0.2 0.8 2.0 0.1 0.0 0.2 0.6 2.1
1.14 1.16 0.1 0.0 0.2 0.7 1.9 0.0 0.0 0.2 0.5 1.7
1.16 1.18 0.0 0.1 0.0 0.5 1.2 0.0 0.0 0.1 0.5 1.2
1.18 1.2 0.0 0.0 0.1 0.3 0.8 0.0 0.0 0.0 0.3 0.9
1.2 1.22 0.0 0.0 0.0 0.4 0.6 0.1 0.0 0.0 0.2 0.4
1.22 1.24 0.0 0.0 0.0 0.2 0.5 0.0 0.0 0.1 0.2 0.4
1.24 1.26 0.0 0.0 0.0 0.1 0.4 0.0 0.0 0.1 0.2 0.3
1.26 1.28 0.0 0.0 0.0 0.1 0.4 0.0 0.0 0.1 0.1 0.3
1.28 1.3 0.1 0.0 0.0 0.1 0.2 0.0 0.0 0.0 0.1 0.3
1.3 1.32 0.0 0.0 0.1 0.1 0.1 0.0 0.1 0.0 0.1 0.2
1.32 1.34 0.0 0.0 0.0 0.1 0.2 0.0 0.0 0.0 0.0 0.1
1.34 1.36 0.0 0.0 0.0 0.0 0.1 0.0 0.0 0.0 0.0 0.2
1.36 1.38 0.0 0.0 0.0 0.0 0.1 0.0 0.0 0.0 0.0 0.0
1.38 1.4 0.0 0.0 0.0 0.0 0.0 0.0 0.0 0.0 0.0 0.0
1.4 1.42 0.0 0.0 0.0 0.0 0.0 0.0 0.0 0.0 0.0 0.0
1.42 1.44 0.0 0.0 0.0 0.0 0.0 0.0 0.0 0.0 0.0 0.0
1.44 1.46 0.0 0.0 0.0 0.0 0.0 0.0 0.0 0.0 0.0 0.0
1.46 1.48 0.0 0.0 0.0 0.0 0.0 0.0 0.0 0.0 0.0 0.0
