# zmin zmax bin_1_north bin_2_north bin_3_north bin_4_north bin_5_north bin_1_south bin_2_south bin_3_south bin_4_south bin_5_south
0.0 0.02 0.0 0.0 0.0 0.0 0.0 0.0 0.0 0.0 0.0 0.0
0.02 0.04 0.0 0.0 0.0 0.0 0.0 0.1 0.0 0.0 0.0 0.0
0.04 0.06 0.1 0.0 0.0 0.0 0.0 0.1 0.0 0.0 0.0 0.0
0.06 0.08 0.2 0.0 0.0 0.0 0.1 0.3 0.0 0.0 0.0 0.0
0.08 0.1 0.2 0.0 0.0 0.0 0.0 0.2 0.0 0.0 0.0 0.0
0.1 0.12 0.2 0.0 0.0 0.0 0.0 0.2 0.0 0.0 0.0 0.0
0.12 0.14 0.2 0.0 0.0 0.0 0.0 0.3 0.0 0.0 0.0 0.0
0.14 0.16 0.2 0.0 0.0 0.1 0.0 0.2 0.0 0.0 0.0 0.0
0.16 0.18 0.1 0.0 0.0 0.0 0.0 0.2 0.0 0.0 0.0 0.0
0.18 0.2 0.3 0.1 0.0 0.0 0.0 0.3 0.0 0.1 0.0 0.0
0.2 0.22 0.6 0.1 0.0 0.0 0.0 0.9 0.1 0.0 0.0 0.0
0.22 0.24 0.9 0.0 0.0 0.0 0.0 1.1 0.1 0.0 0.0 0.0
0.24 0.26 1.2 0.1 0.0 0.0 0.0 1.2 0.2 0.1 0.0 0.0
0.26 0.28 2.1 0.1 0.0 0.0 0.0 1.7 0.1 0.1 0.0 0.0
0.28 0.3 2.5 0.1 0.0 0.0 0.0 2.3 0.0 0.0 0.0 0.0
0.3 0.32 2.5 0.0 0.1 0.0 0.0 3.2 0.1 0.0 0.0 0.0
0.32 0.34 3.8 0.1 0.0 0.0 0.0 5.2 0.1 0.0 0.0 0.0
0.34 0.36 6.9 0.1 0.0 0.0 0.0 7.2 0.3 0.0 0.0 0.1
0.36 0.38 9.1 0.1 0.1 0.0 0.0 8.0 0.1 0.0 0.0 0.0
0.38 0.4 9.9 0.1 0.0 0.0 0.0 10.4 0.2 0.1 0.0 0.0
0.4 0.42 9.7 0.2 0.0 0.0 0.0 10.2 0.2 0.1 0.0 0.0
0.42 0.44 10.3 0.3 0.0 0.0 0.0 10.4 0.2 0.1 0.0 0.0
0.44 0.46 10.6 0.5 0.1 0.0 0.0 11.8 0.5 0.2 0.0 0.0
0.46 0.48 9.6 0.7 0.0 0.0 0.0 9.9 0.8 0.1 0.0 0.0
0.48 0.5 11.6 1.0 0.1 0.0 0.0 10.1 1.2 0.1 0.0 0.0
0.5 0.52 9.5 1.9 0.1 0.1 0.1 11.2 2.7 0.2 0.0 0.1
0.52 0.54 9.7 4.1 0.2 0.0 0.1 8.9 5.6 0.2 0.1 0.0
0.54 0.56 6.3 9.7 0.3 0.1 0.1 4.3 10.9 0.3 0.1 0.1
0.56 0.58 2.8 12.7 0.3 0.0 0.0 2.0 13.3 0.5 0.0 0.0
0.58 0.6 1.0 15.6 0.6 0.1 0.1 0.8 15.8 0.7 0.0 0.1
0.6 0.62 0.5 16.2 1.1 0.1 0.1 0.4 13.9 1.3 0.1 0.0
0.62 0.64 0.3 15.3 2.6 0.1 0.1 0.3 14.1 2.7 0.2 0.0
0.64 0.66 0.2 12.9 4.3 0.2 0.1 0.1 13.0 5.4 0.3 0.0
0.66 0.68 0.2 11.5 6.8 0.3 0.1 0.2 10.9 8.5 0.2 0.1
0.68 0.7 0.1 7.3 10.1 0.4 0.2 0.0 7.1 13.4 0.6 0.2
0.7 0.72 0.1 4.3 13.6 1.1 0.2 0.0 4.1 13.8 0.8 0.2
0.72 0.74 0.1 2.5 15.1 2.2 0.5 0.0 1.8 17.0 1.3 0.3
0.74 0.76 0.2 1.2 15.8 4.3 0.5 0.0 1.0 16.5 3.3 0.5
0.76 0.78 0.0 0.5 13.3 7.2 0.8 0.0 0.5 16.0 6.8 0.7
0.78 0.8 0.1 0.3 11.2 10.7 1.6 0.0 0.1 9.1 12.3 1.6
0.8 0.82 0.1 0.2 9.0 14.7 2.9 0.0 0.1 6.5 12.8 2.4
0.82 0.84 0.0 0.2 5.4 14.8 3.3 0.0 0.1 3.5 15.2 4.2
0.84 0.86 0.1 0.3 3.2 14.6 4.5 0.0 0.1 3.0 14.5 5.1
0.86 0.88 0.1 0.1 2.1 12.3 6.5 0.0 0.0 1.7 12.4 6.4
0.88 0.9 0.0 0.2 1.1 10.0 7.9 0.0 0.1 1.1 11.0 7.4
0.9 0.92 0.0 0.1 0.7 8.0 8.7 0.0 0.0 0.8 8.3 8.9
0.92 0.94 0.0 0.1 0.4 5.8 9.8 0.0 0.1 0.5 5.7 9.4
0.94 0.96 0.1 0.1 0.3 3.7 10.2 0.0 0.1 0.3 3.7 11.6
0.96 0.98 0.0 0.1 0.2 2.2 9.7 0.0 0.0 0.2 2.2 9.1
0.98 1.0 0.1 0.2 0.2 1.7 8.5 0.0 0.0 0.1 1.6 8.0
1.0 1.02 0.0 0.1 0.1 1.1 7.9 0.0 0.0 0.0 0.8 7.3
1.02 1.04 0.1 0.1 0.0 0.7 7.0 0.0 0.0 0.1 0.7 5.6
1.04 1.06 0.0 0.0 0.0 0.4 5.9 0.0 0.0 0.1 0.4 5.7
1.06 1.08 0.0 0.1 0.1 0.2 5.4 0.0 0.0 0.0 0.3 4.8
1.08 1.1 0.0 0.1 0.0 0.1 4.4 0.0 0.1 0.0 0.2 4.3
1.1 1.12 0.0 0.0 0.0 0.1 3.5 0.0 0.0 0.1 0.2 3.2
1.12 1.14 0.0 0.0 0.0 0.1 2.9 0.0 0.1 0.0 0.0 2.8
1.14 1.16 0.0 0.1 0.0 0.0 2.7 0.0 0.0 0.0 0.1 2.2
1.16 1.18 0.0 0.0 0.0 0.1 1.7 0.0 0.0 0.0 0.0 1.8
1.18 1.2 0.0 0.1 0.0 0.0 1.1 0.0 0.0 0.0 0.0 1.2
1.2 1.22 0.0 0.0 0.0 0.0 1.0 0.0 0.0 0.0 0.0 0.5
1.22 1.24 0.0 0.0 0.0 0.0 0.7 0.0 0.0 0.0 0.0 0.6
1.24 1.26 0.0 0.0 0.0 0.0 0.5 0.0 0.0 0.0 0.0 0.6
1.26 1.28 0.0 0.0 0.0 0.0 0.5 0.0 0.0 0.0 0.0 0.4
1.28 1.3 0.0 0.0 0.0 0.0 0.4 0.0 0.0 0.0 0.0 0.4
1.3 1.32 0.0 0.0 0.0 0.0 0.3 0.0 0.0 0.0 0.0 0.3
1.32 1.34 0.0 0.0 0.0 0.0 0.3 0.0 0.0 0.0 0.0 0.1
1.34 1.36 0.0 0.0 0.0 0.0 0.1 0.0 0.0 0.0 0.0 0.2
1.36 1.38 0.0 0.0 0.0 0.0 0.1 0.0 0.0 0.0 0.0 0.1
1.38 1.4 0.1 0.0 0.0 0.0 0.1 0.0 0.0 0.0 0.0 0.0
1.4 1.42 0.0 0.0 0.0 0.0 0.0 0.0 0.0 0.0 0.0 0.0
1.42 1.44 0.0 0.0 0.0 0.0 0.0 0.0 0.0 0.0 0.0 0.0
1.44 1.46 0.0 0.0 0.0 0.0 0.0 0.0 0.0 0.0 0.0 0.0
1.46 1.48 0.0 0.0 0.0 0.0 0.0 0.0 0.0 0.0 0.0 0.0
