# zmin zmax bin_1_north bin_2_north bin_3_north bin_4_north bin_1_south bin_2_south bin_3_south bin_4_south
0.0 0.02 0.0 0.0 0.0 0.0 0.0 0.0 0.0 0.0
0.02 0.04 0.0 0.0 0.0 0.0 0.0 0.0 0.0 0.0
0.04 0.06 0.1 0.0 0.0 0.0 0.0 0.0 0.0 0.0
0.06 0.08 0.1 0.0 0.0 0.0 0.0 0.0 0.0 0.0
0.08 0.1 0.0 0.0 0.0 0.0 0.0 0.0 0.0 0.0
0.1 0.12 0.0 0.0 0.0 0.0 0.0 0.0 0.0 0.0
0.12 0.14 0.0 0.0 0.0 0.0 0.0 0.0 0.0 0.0
0.14 0.16 0.0 0.0 0.0 0.0 0.0 0.0 0.0 0.0
0.16 0.18 0.0 0.0 0.0 0.0 0.0 0.0 0.0 0.0
0.18 0.2 0.1 0.0 0.0 0.0 0.0 0.0 0.0 0.0
0.2 0.22 0.1 0.1 0.0 0.0 0.0 0.0 0.0 0.0
0.22 0.24 0.1 0.0 0.0 0.0 0.0 0.1 0.0 0.0
0.24 0.26 0.1 0.1 0.0 0.0 0.1 0.1 0.0 0.0
0.26 0.28 0.1 0.1 0.0 0.0 0.1 0.1 0.0 0.0
0.28 0.3 0.2 0.1 0.0 0.0 0.2 0.1 0.0 0.0
0.3 0.32 0.3 0.1 0.0 0.0 0.3 0.1 0.0 0.0
0.32 0.34 0.6 0.1 0.0 0.0 0.5 0.1 0.0 0.0
0.34 0.36 1.2 0.0 0.0 0.0 1.2 0.2 0.0 0.0
0.36 0.38 2.5 0.2 0.0 0.0 2.2 0.2 0.1 0.0
0.38 0.4 4.6 0.2 0.0 0.0 4.4 0.3 0.0 0.0
0.4 0.42 6.6 0.2 0.0 0.0 7.2 0.2 0.0 0.0
0.42 0.44 8.9 0.2 0.0 0.0 8.2 0.2 0.0 0.0
0.44 0.46 9.4 0.4 0.0 0.0 9.1 0.4 0.0 0.0
0.46 0.48 10.5 0.5 0.0 0.1 9.9 0.6 0.1 0.0
0.48 0.5 11.5 1.1 0.1 0.1 11.0 1.1 0.1 0.1
0.5 0.52 10.0 2.1 0.1 0.1 11.2 2.5 0.1 0.1
0.52 0.54 8.6 5.2 0.1 0.1 9.1 5.6 0.1 0.1
0.54 0.56 5.0 10.6 0.1 0.1 4.3 10.8 0.2 0.1
0.56 0.58 2.0 13.5 0.2 0.1 1.8 13.2 0.2 0.0
0.58 0.6 0.7 15.7 0.3 0.1 0.7 15.6 0.3 0.0
0.6 0.62 0.3 16.8 0.5 0.1 0.4 15.4 0.5 0.0
0.62 0.64 0.2 17.1 1.2 0.1 0.2 16.6 1.0 0.0
0.64 0.66 0.2 15.7 2.0 0.1 0.1 15.8 1.8 0.1
0.66 0.68 0.1 15.4 3.3 0.2 0.1 16.5 2.9 0.2
0.68 0.7 0.0 12.0 6.0 0.3 0.0 13.2 5.9 0.1
0.7 0.72 0.0 9.3 10.6 0.4 0.0 8.7 9.9 0.2
0.72 0.74 0.0 6.3 14.3 0.8 0.0 5.3 13.7 0.5
0.74 0.76 0.0 3.5 17.4 1.3 0.0 2.8 17.4 0.8
0.76 0.78 0.0 1.5 18.0 2.4 0.0 1.1 18.8 1.7
0.78 0.8 0.0 0.7 19.6 4.4 0.0 0.3 18.5 4.0
0.8 0.82 0.0 0.3 19.3 7.2 0.0 0.2 17.1 6.3
0.82 0.84 0.0 0.2 14.8 8.9 0.0 0.1 14.6 8.2
0.84 0.86 0.0 0.2 11.6 10.5 0.0 0.1 11.7 11.2
0.86 0.88 0.0 0.1 8.5 12.7 0.0 0.1 9.0 12.5
0.88 0.9 0.0 0.1 5.9 13.6 0.0 0.1 6.4 13.4
0.9 0.92 0.0 0.1 3.4 13.6 0.0 0.0 3.8 13.6
0.92 0.94 0.0 0.1 2.4 13.2 0.0 0.0 2.2 13.4
0.94 0.96 0.0 0.1 1.3 12.6 0.0 0.0 1.3 12.8
0.96 0.98 0.0 0.1 0.8 11.0 0.0 0.0 0.8 10.9
0.98 1.0 0.0 0.1 0.6 9.1 0.0 0.0 0.5 9.0
1.0 1.02 0.0 0.0 0.3 7.5 0.0 0.0 0.3 7.1
1.02 1.04 0.0 0.0 0.2 5.7 0.0 0.0 0.3 5.3
1.04 1.06 0.0 0.0 0.1 4.2 0.0 0.0 0.1 4.4
1.06 1.08 0.0 0.1 0.1 3.2 0.0 0.0 0.1 3.2
1.08 1.1 0.0 0.0 0.1 2.4 0.0 0.0 0.1 2.3
1.1 1.12 0.0 0.0 0.1 1.4 0.0 0.0 0.0 1.6
1.12 1.14 0.0 0.0 0.0 1.1 0.0 0.0 0.0 1.1
1.14 1.16 0.0 0.0 0.0 0.7 0.0 0.0 0.0 0.8
1.16 1.18 0.0 0.0 0.0 0.5 0.0 0.0 0.0 0.5
1.18 1.2 0.0 0.0 0.0 0.3 0.0 0.0 0.0 0.3
1.2 1.22 0.0 0.0 0.0 0.2 0.0 0.0 0.0 0.2
1.22 1.24 0.0 0.0 0.0 0.1 0.0 0.0 0.0 0.2
1.24 1.26 0.0 0.0 0.0 0.1 0.0 0.0 0.0 0.1
1.26 1.28 0.0 0.0 0.0 0.1 0.0 0.0 0.0 0.1
1.28 1.3 0.0 0.0 0.0 0.1 0.0 0.0 0.0 0.1
1.3 1.32 0.0 0.0 0.0 0.1 0.0 0.0 0.0 0.0
1.32 1.34 0.0 0.0 0.0 0.0 0.0 0.0 0.0 0.0
1.34 1.36 0.0 0.0 0.0 0.0 0.0 0.0 0.0 0.0
1.36 1.38 0.0 0.0 0.0 0.0 0.0 0.0 0.0 0.0
1.38 1.4 0.0 0.0 0.0 0.0 0.0 0.0 0.0 0.0
1.4 1.42 0.0 0.0 0.0 0.0 0.0 0.0 0.0 0.0
1.42 1.44 0.0 0.0 0.0 0.0 0.0 0.0 0.0 0.0
1.44 1.46 0.0 0.0 0.0 0.0 0.0 0.0 0.0 0.0
1.46 1.48 0.0 0.0 0.0 0.0 0.0 0.0 0.0 0.0
